$ANSIBLE_VAULT;1.1;AES256
65663565626336343462353037396334383462323663386636306261643262313136393932613562
3438663762396663623238376639306537393537393034380a623431333639346365333964346438
63626366616265393736313533353739373736623462323239663237346362623063313631333264
3038306230633862380a323565333566316431656533393630326430613831356163323835306235
37323938646638373262326639303338643436666537366562376162343438353736383039333665
38373465383731636431386337663930616537373364643365323032363336616464643037653062
63363863663263353438646362353135353463346439383337623761356130633162356136303831
33613565326337616530333230323635663130363839646135373330353362656262653031383962
30353164353639313263343933373165303830323032613634306366656662386234666438613036
66356538366165363336663531663637613632383838343639316331653438663431373064306235
36323139366661643933653730393161653537323631633863616137353664393733323065626336
64376539393464393133
